 geo_dim   9 9 18             !nasyx,nasyy,nz     
 rad_conf 
 2 2 2 2 2 2 2 2 1
 2 2 2 2 2 2 2 2 1
 2 2 2 2 2 2 2 1 1
 2 2 2 2 2 2 2 1 0
 2 2 2 2 2 2 1 1 0
 2 2 2 2 2 1 1 0 0
 2 2 2 2 1 1 0 0 0
 2 2 1 1 1 0 0 0 0
 1 1 1 0 0 0 0 0 0
 grid_x     10.803   8*21.606
 neutmesh_x 1        8*2
 grid_y     10.803   8*21.606
 neutmesh_y 1        8*2
 grid_z     30.  7.7  11.0  15.0  10*30.0  2*12.8  8.0  30. 
 boun_cond  0 1 0 1 1 1       !ibcw,ibce,ibcn,ibcs,ibcb,ibct
 Planar_Reg 1
 1  1  1  1  1  1  1  1  2
 1  1  1  1  1  1  1  1  2
 1  1  1  1  1  1  1  3  2
 1  1  1  1  1  1  1  2
 1  1  1  1  1  1  3  2
 1  1  1  1  1  3  2
 1  1  1  1  3  2
 1  1  3  2  2
 2  2  2
 Planar_Reg 2
 4  5  4  5  4  5  4  6  2
 5  4  5  4  5  4  6  6  2
 4  5  4  5  4  5  6  3  2
 5  4  5  4  5  6  6  2
 4  5  4  5  4  6  3  2
 5  4  5  6  6  3  2
 4  6  6  6  3  2
 6  6  3  2  2
 2  2  2
 Planar_Reg 3
 4  9  4  9  4  7  4  6  2
 9  4  8  4  8  4 11  6  2
 4  8  4  8  4  8  6  3  2
 9  4  8  4  8 10  6  2
 4  8  4  8  4  6  3  2
 7  4  8 10  6  3  2
 4 11  6  6  3  2
 6  6  3  2  2
 2  2  2
 PR_Assign  1   2   15*3   1 
 cr_axinfo 37.7 1.5942237    !fully inserted position and step size
 bank_conf
 1  0  2  0  0  0  3  0  0
 0  4  0  0  0  6  0  0  0
 2  0  5  0  6  0  6  0  0
 0  0  0  4  0  0  0  0
 0  0  6  0  7  0  0  0
 0  6  0  0  0  0  0
 3  0  6  0  0  0
 0  0  0  0  0
 0  0  0
 pincal_loc 
 1  1  1  1  1  1  1  1  0
 1  1  1  1  1  1  1  1  0
 1  1  1  1  1  1  1  0  0
 1  1  1  1  1  1  1  0
 1  1  1  1  1  1  0  0
 1  1  1  1  1  0  0
 1  1  1  1  0  0
 1  1  0  0  0
 0  0  0
